
0.000000 1.000000 2.000000 3.000000
0.010000 1.100000 2.230000 2.940200
0.020000 1.213000 2.483358 2.886521
0.030000 1.340036 2.763151 2.839863
0.040000 1.482347 3.072674 2.801350
0.050000 1.641380 3.415479 2.772382
0.060000 1.818790 3.795405 2.754698
0.070000 2.016451 4.216610 2.750453
0.080000 2.236467 4.683589 2.762317
0.090000 2.481179 5.201186 2.793586
0.100000 2.753180 5.774590 2.848327
0.110000 3.055321 6.409315 2.931546
0.120000 3.390720 7.111144 3.049392
0.130000 3.762762 7.886038 3.209397
0.140000 4.175090 8.739989 3.420760
0.150000 4.631580 9.678795 3.694670
0.160000 5.136302 10.707727 4.044673
0.170000 5.693445 11.831068 4.487066
0.180000 6.307208 13.051454 5.041305
0.190000 6.981633 14.368992 5.730389
0.200000 7.720369 15.780085 6.581151
0.210000 8.526340 17.275898 7.624373
0.220000 9.401296 18.840435 8.894567
0.230000 10.345209 20.448189 10.429216
0.240000 11.355507 22.061441 12.267207
0.250000 12.426101 23.627365 14.446088
0.260000 13.546227 25.075314 16.997782
0.270000 14.699136 26.314945 19.942400
0.280000 15.860717 27.236193 23.280001
0.290000 16.998264 27.712456 26.980608
0.300000 18.069683 27.608610 30.973560
0.310000 19.023575 26.795212 35.138451
0.320000 19.800739 25.169271 39.301174
0.330000 20.337593 22.679863 43.239464
0.340000 20.571819 19.353724 46.701832
0.350000 20.450010 15.312880 49.440975
0.360000 19.936296 10.775069 51.257332
0.370000 19.020174 6.030668 52.042038
0.380000 17.721224 1.397524 51.804764
0.390000 16.088854 -2.834947 50.674416
0.400000 14.196474 -6.454651 48.870365
0.410000 12.131362 -9.352961 46.654079
0.420000 9.982930 -11.522425 44.278439
0.430000 7.832395 -13.032266 41.950356
0.440000 5.745929 -13.994590 39.813736
0.450000 3.771877 -14.533453 37.950573
0.460000 1.941344 -14.763442 36.392902
0.470000 0.270865 -14.778743 35.138241
0.480000 -1.234096 -14.650290 34.163532
0.490000 -2.575715 -14.427723 33.435581
0.500000 -3.760916 -14.143440 32.917812
0.510000 -4.799169 -13.817051 32.574120
0.520000 -5.700957 -13.459361 32.370750
0.530000 -6.476797 -13.075593 32.277000
0.540000 -7.136677 -12.667825 32.265312
0.550000 -7.689792 -12.236745 32.311115
0.560000 -8.144487 -11.782862 32.392620
0.570000 -8.508325 -11.307277 32.490631
0.580000 -8.788219 -10.812126 32.588440
0.590000 -8.990610 -10.300763 32.671780
0.600000 -9.121625 -9.777734 32.728813
0.610000 -9.187236 -9.248611 32.750114
0.620000 -9.193374 -8.719721 32.728653
0.630000 -9.146008 -8.197801 32.659706
0.640000 -9.051187 -7.689646 32.540730
0.650000 -8.915032 -7.201759 32.371151
0.660000 -8.743705 -6.740052 32.152119
0.670000 -8.543340 -6.309603 31.886202
0.680000 -8.319966 -5.914496 31.577080
0.690000 -8.079419 -5.557739 31.229214
0.700000 -7.827251 -5.241260 30.847549
0.710000 -7.568652 -4.965962 30.437252
0.720000 -7.308383 -4.731835 30.003477
0.730000 -7.050728 -4.538095 29.551205
0.740000 -6.799465 -4.383343 29.085112
0.750000 -6.557853 -4.265728 28.609491
0.760000 -6.328641 -4.183101 28.128220
0.770000 -6.114087 -4.133156 27.644743
0.780000 -5.915994 -4.113545 27.162098
0.790000 -5.735749 -4.121980 26.682943
0.800000 -5.574372 -4.156303 26.209604
0.810000 -5.432565 -4.214543 25.744116
0.820000 -5.310763 -4.294950 25.288280
0.830000 -5.209182 -4.396014 24.843706
0.840000 -5.127865 -4.516471 24.411860
0.850000 -5.066725 -4.655301 23.994102
0.860000 -5.025582 -4.811716 23.591730
0.870000 -5.004195 -4.985140 23.206007
0.880000 -5.002290 -5.175189 22.838194
0.890000 -5.019580 -5.381646 22.489576
0.900000 -5.055787 -5.604430 22.161489
0.910000 -5.110651 -5.843568 21.855343
0.920000 -5.183943 -6.099164 21.572636
0.930000 -5.275465 -6.371363 21.314981
0.940000 -5.385055 -6.660316 21.084122
0.950000 -5.512581 -6.966136 20.881947
0.960000 -5.657937 -7.288863 20.710501
0.970000 -5.821030 -7.628410 20.572001
0.980000 -6.001768 -7.984512 20.468838
0.990000 -6.200042 -8.356669 20.403578
1.000000 -6.415705 -8.744084 20.378960
1.010000 -6.648543 -9.145587 20.397875
1.020000 -6.898247 -9.559562 20.463339
1.030000 -7.164378 -9.983864 20.578457
1.040000 -7.446327 -10.415732 20.746351
1.050000 -7.743268 -10.851706 20.970087
1.060000 -8.054111 -11.287534 21.252560
1.070000 -8.377453 -11.718104 21.596352
1.080000 -8.711518 -12.137386 22.003567
1.090000 -9.054105 -12.538393 22.475622
1.100000 -9.402534 -12.913192 23.013010
1.110000 -9.753599 -13.252963 23.615030
1.120000 -10.103536 -13.548126 24.279510
1.130000 -10.447994 -13.788546 25.002516
1.140000 -10.782049 -13.963837 25.778076
1.150000 -11.100228 -14.063767 26.597967
1.160000 -11.396583 -14.078758 27.451572
1.170000 -11.664800 -14.000473 28.325857
1.180000 -11.898367 -13.822457 29.205517
1.190000 -12.090775 -13.540796 30.073298
1.200000 -12.235777 -13.154711 30.910536
1.210000 -12.327670 -12.667037 31.697897
1.220000 -12.361607 -12.084502 32.416283
1.230000 -12.333897 -11.417734 33.047848
1.240000 -12.242280 -10.680961 33.577026
1.250000 -12.086148 -9.891396 33.991470
1.260000 -11.866673 -9.068344 34.282787
1.270000 -11.586841 -8.232102 34.446976
1.280000 -11.251367 -7.402781 34.484528
1.290000 -10.866508 -6.599155 34.400154
1.300000 -10.439773 -5.837690 34.202209
1.310000 -9.979565 -5.131816 33.901871
1.320000 -9.494790 -4.491517 33.512215
1.330000 -8.994463 -3.923229 33.047249
1.340000 -8.487340 -3.430024 32.521065
1.350000 -7.981608 -3.012006 31.947123
1.360000 -7.484648 -2.666842 31.337736
1.370000 -7.002868 -2.390356 30.703756
1.380000 -6.541617 -2.177112 30.054430
1.390000 -6.105166 -2.020948 29.397400
1.400000 -5.696744 -1.915425 28.738811
1.410000 -5.318612 -1.854182 28.083475
1.420000 -4.972169 -1.831200 27.435072
1.430000 -4.658072 -1.840977 26.796349
1.440000 -4.376362 -1.878634 26.169319
1.450000 -4.126589 -1.939965 25.555431
1.460000 -3.907927 -2.021443 24.955711
1.470000 -3.719279 -2.120197 24.370886
1.480000 -3.559371 -2.233972 23.801476
1.490000 -3.426831 -2.361073 23.247871
1.500000 -3.320255 -2.500310 22.710388
1.510000 -3.238261 -2.650935 22.189308
1.520000 -3.179528 -2.812591 21.684917
1.530000 -3.142834 -2.985255 21.197525
1.540000 -3.127076 -3.169193 20.727493
1.550000 -3.131288 -3.364918 20.275246
1.560000 -3.154651 -3.573153 19.841290
1.570000 -3.196501 -3.794800 19.426231
1.580000 -3.256331 -4.030913 19.030794
1.590000 -3.333789 -4.282671 18.655834
1.600000 -3.428677 -4.551359 18.302364
1.610000 -3.540945 -4.838346 17.971573
1.620000 -3.670685 -5.145063 17.664852
1.630000 -3.818123 -5.472983 17.383825
1.640000 -3.983609 -5.823592 17.130381
1.650000 -4.167607 -6.198359 16.906702
1.660000 -4.370682 -6.598701 16.715307
1.670000 -4.593483 -7.025932 16.559088
1.680000 -4.836728 -7.481209 16.441351
1.690000 -5.101176 -7.965457 16.365856
1.700000 -5.387604 -8.479280 16.336857
1.710000 -5.696772 -9.022852 16.359127
1.720000 -6.029380 -9.595778 16.437986
1.730000 -6.386020 -10.196939 16.579302
1.740000 -6.767112 -10.824298 16.789471
1.750000 -7.172831 -11.474684 17.075363
1.760000 -7.603016 -12.143542 17.444218
1.770000 -8.057069 -12.824665 17.903477
1.780000 -8.533829 -13.509902 18.460537
1.790000 -9.031436 -14.188885 19.122398
1.800000 -9.547181 -14.848771 19.895203
1.810000 -10.077340 -15.474063 20.783628
1.820000 -10.617012 -16.046541 21.790157
1.830000 -11.159965 -16.545376 22.914202
1.840000 -11.698505 -16.947495 24.151142
1.850000 -12.223404 -17.228279 25.491325
1.860000 -12.723891 -17.362642 26.919138
1.870000 -13.187766 -17.326544 28.412292
1.880000 -13.601644 -17.098906 29.941509
1.890000 -13.951369 -16.663839 31.470797
1.900000 -14.222616 -16.012978 32.958508
1.910000 -14.401652 -15.147618 34.359276
1.920000 -14.476249 -14.080301 35.626827
1.930000 -14.436654 -12.835420 36.717453
1.940000 -14.276530 -11.448557 37.593773
1.950000 -13.993733 -9.964414 38.228233
1.960000 -13.590801 -8.433457 38.605755
1.970000 -13.075067 -6.907716 38.725018
1.980000 -12.458331 -5.436336 38.598122
1.990000 -11.756131 -4.061624 38.248688
2.000000 -10.986680 -2.816159 37.708763
2.010000 -10.169628 -1.721327 37.015114
2.020000 -9.324798 -0.787310 36.205563
2.030000 -8.471049 -0.014285 35.315910
2.040000 -7.625373 0.605592 34.377716
2.050000 -6.802277 1.085861 33.417091
2.060000 -6.013463 1.443488 32.454334
2.070000 -5.267768 1.696913 31.504246
2.080000 -4.571300 1.864539 30.576843
2.090000 -3.927716 1.963689 29.678265
2.100000 -3.338576 2.009969 28.811695
2.110000 -2.803722 2.016968 27.978199
2.120000 -2.321653 1.996187 27.177429
2.130000 -1.889869 1.957128 26.408165
2.140000 -1.505169 1.907473 25.668720
2.150000 -1.163905 1.853309 24.957222
2.160000 -0.862184 1.799361 24.271790
2.170000 -0.596030 1.749223 23.610645
2.180000 -0.361505 1.705569 22.972176
2.190000 -0.154798 1.670338 22.354950
2.200000 0.027716 1.644896 21.757723
2.210000 0.189434 1.630177 21.179422
2.220000 0.333508 1.626796 20.619139
2.230000 0.462837 1.635144 20.076096
2.240000 0.580068 1.655467 19.549639
2.250000 0.687608 1.687930 19.039221
2.260000 0.787640 1.732666 18.544384
2.270000 0.882143 1.789816 18.064751
2.280000 0.972910 1.859561 17.600018
2.290000 1.061575 1.942148 17.149948
2.300000 1.149632 2.037908 16.714376
2.310000 1.238460 2.147272 16.293203
2.320000 1.329341 2.270783 15.886397
2.330000 1.423485 2.409106 15.494005
2.340000 1.522047 2.563036 15.116158
2.350000 1.626146 2.733504 14.753078
2.360000 1.736882 2.921583 14.405097
2.370000 1.855352 3.128495 14.072666
2.380000 1.982666 3.355611 13.756378
2.390000 2.119961 3.604458 13.456989
2.400000 2.268411 3.876720 13.175447
2.410000 2.429242 4.174234 12.912921
2.420000 2.603741 4.498993 12.670839
2.430000 2.793266 4.853135 12.450937
2.440000 2.999253 5.238930 12.255303
2.450000 3.223221 5.658764 12.086441
2.460000 3.466775 6.115106 11.947336
2.470000 3.731608 6.610465 11.841534
2.480000 4.019494 7.147331 11.773226
2.490000 4.332278 7.728092 11.747345
2.500000 4.671859 8.354921 11.769668
2.510000 5.040165 9.029631 11.846925
2.520000 5.439112 9.753476 11.986905
2.530000 5.870549 10.526912 12.198556
2.540000 6.336185 11.349274 12.492062
2.550000 6.837494 12.218392 12.878883
2.560000 7.375584 13.130114 13.371737
2.570000 7.951037 14.077732 13.984471
2.580000 8.563706 15.051334 14.731810
2.590000 9.212469 16.037069 15.628896
2.600000 9.894929 17.016382 16.690577
2.610000 10.607074 17.965279 17.930367
2.620000 11.342895 18.853720 19.359009
2.630000 12.093977 19.645321 20.982616
2.640000 12.849112 20.297548 22.800379
2.650000 13.593955 20.762678 24.801943
2.660000 14.310827 20.989794 26.964680
2.670000 14.978724 20.928059 29.251232
2.680000 15.573657 20.531359 31.607904
2.690000 16.069427 19.764162 33.964619
2.700000 16.438900 18.608040 36.237148
2.710000 16.655813 17.067863 38.332195
2.720000 16.697018 15.176273 40.155350
2.730000 16.544943 12.994929 41.621201
2.740000 16.189941 10.611361 42.664082
2.750000 15.632083 8.131141 43.247189
2.760000 14.881989 5.666376 43.367882
2.770000 13.960427 3.322666 43.057564
2.780000 12.896651 1.187339 42.376091
2.790000 11.725720 -0.678569 41.402016
2.800000 10.485291 -2.243266 40.221153
2.810000 9.212435 -3.502257 38.916058
2.820000 7.940966 -4.472869 37.558247
2.830000 6.699583 -5.187157 36.204010
2.840000 5.510909 -5.684920 34.893467
2.850000 4.391326 -6.007963 33.652008
2.860000 3.351397 -6.196082 32.493034
2.870000 2.396649 -6.284701 31.421064
2.880000 1.528514 -6.303845 30.434643
2.890000 0.745278 -6.278020 29.528727
2.900000 0.042948 -6.226633 28.696474
2.910000 -0.584010 -6.164666 27.930473
2.920000 -1.142076 -6.103426 27.223524
2.930000 -1.638211 -6.051260 26.569084
2.940000 -2.079516 -6.014189 25.961479
2.950000 -2.472983 -5.996438 25.395969
2.960000 -2.825328 -6.000871 24.868727
2.970000 -3.142882 -6.029331 24.376762
2.980000 -3.431527 -6.082912 23.917835
2.990000 -3.696665 -6.162163 23.490358
3.000000 -3.943215 -6.267248 23.093309
3.010000 -4.175618 -6.398057 22.726158
3.020000 -4.397862 -6.554292 22.388802
3.030000 -4.613505 -6.735522 22.081509
3.040000 -4.825706 -6.941216 21.804884
3.050000 -5.037257 -7.170762 21.559837
3.060000 -5.250607 -7.423462 21.347555
3.070000 -5.467893 -7.698521 21.169487
3.080000 -5.690956 -7.995021 21.027325
3.090000 -5.921362 -8.311883 20.922991
3.100000 -6.160414 -8.647820 20.858616
3.110000 -6.409155 -9.001281 20.836517
3.120000 -6.668367 -9.370387 20.859173
3.130000 -6.938569 -9.752860 20.929171
3.140000 -7.219998 -10.145946 21.049164
3.150000 -7.512593 -10.546336 21.221792
3.160000 -7.815967 -10.950092 21.449596
3.170000 -8.129379 -11.352569 21.734892
3.180000 -8.451698 -11.748358 22.079638
3.190000 -8.781364 -12.131246 22.485254
3.200000 -9.116352 -12.494203 22.952435
3.210000 -9.454137 -12.829414 23.480915
3.220000 -9.791664 -13.128361 24.069233
3.230000 -10.125334 -13.381965 24.714476
3.240000 -10.450996 -13.580815 25.412039
3.250000 -10.763978 -13.715475 26.155409
3.260000 -11.059128 -13.776872 26.936007
3.270000 -11.330902 -13.756771 27.743111
3.280000 -11.573489 -13.648312 28.563910
3.290000 -11.780972 -13.446565 29.383696
3.300000 -11.947531 -13.149086 30.186226
3.310000 -12.067686 -12.756395 30.954264
3.320000 -12.136557 -12.272320 31.670282
3.330000 -12.150133 -11.704151 32.317291
3.340000 -12.105535 -11.062553 32.879723
3.350000 -12.001237 -10.361212 33.344303
3.360000 -11.837234 -9.616218 33.700817
3.370000 -11.615132 -8.845237 33.942669
3.380000 -11.338142 -8.066536 34.067181
3.390000 -11.010982 -7.297965 34.075588
3.400000 -10.639680 -6.556004 33.972755
3.410000 -10.231313 -5.854962 33.766617
3.420000 -9.793677 -5.206412 33.467464
3.430000 -9.334950 -4.618882 33.087128
3.440000 -8.863343 -4.097813 32.638180
3.450000 -8.386790 -3.645737 32.133209
3.460000 -7.912685 -3.262636 31.584227
3.470000 -7.447680 -2.946401 31.002249
3.480000 -6.997552 -2.693339 30.397028
3.490000 -6.567131 -2.498672 29.776936
3.500000 -6.160285 -2.356992 29.148960
3.510000 -5.779956 -2.262643 28.518795
3.520000 -5.428225 -2.210031 27.890974
3.530000 -5.106406 -2.193849 27.269039
3.540000 -4.815151 -2.209236 26.655710
3.550000 -4.554560 -2.251873 26.053047
3.560000 -4.324292 -2.318029 25.462599
3.570000 -4.123666 -2.404573 24.885532
3.580000 -3.951756 -2.508957 24.322733
3.590000 -3.807476 -2.629184 23.774897
3.600000 -3.689647 -2.763762 23.242590
3.610000 -3.597059 -2.911656 22.726311
3.620000 -3.528519 -3.072237 22.226524
3.630000 -3.482891 -3.245233 21.743704
3.640000 -3.459125 -3.430681 21.278349
3.650000 -3.456281 -3.628885 20.831017
3.660000 -3.473541 -3.840376 20.402336
3.670000 -3.510225 -4.065880 19.993031
3.680000 -3.565790 -4.306283 19.603937
3.690000 -3.639839 -4.562606 19.236025
3.700000 -3.732116 -4.835974 18.890419
3.710000 -3.842502 -5.127594 18.568419
3.720000 -3.971011 -5.438727 18.271526
3.730000 -4.117783 -5.770658 18.001476
3.740000 -4.283071 -6.124669 17.760260
3.750000 -4.467231 -6.501998 17.550161
3.760000 -4.670708 -6.903796 17.373787
3.770000 -4.894017 -7.331078 17.234100
3.780000 -5.137723 -7.784652 17.134457
3.790000 -5.402416 -8.265047 17.078634
3.800000 -5.688679 -8.772414 17.070854
3.810000 -5.997053 -9.306414 17.115805
3.820000 -6.327989 -9.866080 17.218636
3.830000 -6.681798 -10.449663 17.384945
3.840000 -7.058585 -11.054443 17.620731
3.850000 -7.458171 -11.676528 17.932306
3.860000 -7.880007 -12.310629 18.326162
3.870000 -8.323069 -12.949821 18.808765
3.880000 -8.785744 -13.585316 19.386274
3.890000 -9.265701 -14.206243 20.064171
3.900000 -9.759755 -14.799490 20.846771
3.910000 -10.263728 -15.349632 21.736641
3.920000 -10.772319 -15.838990 22.733891
3.930000 -11.278986 -16.247883 23.835396
3.940000 -11.775876 -16.555130 25.033970
3.950000 -12.253801 -16.738855 26.317577
3.960000 -12.702307 -16.777628 27.668676
3.970000 -13.109838 -16.651937 29.063835
3.980000 -13.464047 -16.345951 30.473780
3.990000 -13.752237 -15.849421 31.864004
4.000000 -13.961956 -15.159539 33.196072
4.010000 -14.081715 -14.282471 34.429623
4.020000 -14.101790 -13.234245 35.525013
4.030000 -14.015036 -12.040741 36.446312
4.040000 -13.817606 -10.736580 37.164352
4.050000 -13.509503 -9.362920 37.659317
4.060000 -13.094845 -7.964365 37.922462
4.070000 -12.581797 -6.585390 37.956646
4.080000 -11.982156 -5.266811 37.775558
4.090000 -11.310621 -4.042820 37.401806
4.100000 -10.583841 -2.938989 36.864185
4.110000 -9.819356 -1.971428 36.194656
4.120000 -9.034563 -1.147051 35.425461
4.130000 -8.245811 -0.464723 34.586773
4.140000 -7.467703 0.083057 33.705086
4.150000 -6.712627 0.508265 32.802326
4.160000 -5.990538 0.825545 31.895666
4.170000 -5.308930 1.050661 30.997787
4.180000 -4.672971 1.199305 30.117468
4.190000 -4.085743 1.286261 29.260300
4.200000 -3.548542 1.324891 28.429422
4.210000 -3.061199 1.326880 27.626186
4.220000 -2.622391 1.302168 26.850712
4.230000 -2.229935 1.259007 26.102335
4.240000 -1.881041 1.204100 25.379938
4.250000 -1.572527 1.142775 24.682182
4.260000 -1.300997 1.079174 24.007666
4.270000 -1.062980 1.016442 23.355022
4.280000 -0.855038 0.956902 22.722975
4.290000 -0.673844 0.902212 22.110361
4.300000 -0.516238 0.853503 21.516146
4.310000 -0.379264 0.811496 20.939409
4.320000 -0.260188 0.776603 20.379343
4.330000 -0.156509 0.749009 19.835232
4.340000 -0.065957 0.728740 19.306442
4.350000 0.013513 0.715719 18.792410
4.360000 0.083734 0.709806 18.292629
4.370000 0.146341 0.710836 17.806639
4.380000 0.202790 0.718645 17.334023
4.390000 0.254376 0.733088 16.874395
4.400000 0.302247 0.754058 16.427401
4.410000 0.347428 0.781495 15.992711
4.420000 0.390835 0.815397 15.570020
4.430000 0.433291 0.855824 15.159044
4.440000 0.475544 0.902904 14.759521
4.450000 0.518280 0.956839 14.371211
4.460000 0.562136 1.017906 13.993896
4.470000 0.607713 1.086460 13.627380
4.480000 0.655588 1.162940 13.271495
4.490000 0.706323 1.247869 12.926097
4.500000 0.760478 1.341861 12.591077
4.510000 0.818616 1.445624 12.266358
4.520000 0.881317 1.559966 11.951907
4.530000 0.949182 1.685801 11.647735
4.540000 1.022844 1.824156 11.353907
4.550000 1.102975 1.976178 11.070551
4.560000 1.190295 2.143144 10.797871
4.570000 1.285580 2.326468 10.536157
4.580000 1.389669 2.527715 10.285804
4.590000 1.503474 2.748606 10.047328
4.600000 1.627987 2.991034 9.821394
4.610000 1.764292 3.257069 9.608838
4.620000 1.913570 3.548972 9.410707
4.630000 2.077110 3.869201 9.228294
4.640000 2.256319 4.220418 9.063190
4.650000 2.452729 4.605489 8.917336
4.660000 2.668005 5.027480 8.793096
4.670000 2.903953 5.489646 8.693333
4.680000 3.162522 5.995406 8.621507
4.690000 3.445811 6.548301 8.581780
4.700000 3.756060 7.151933 8.579147
4.710000 4.095647 7.809873 8.619573
4.720000 4.467070 8.525528 8.710156
4.730000 4.872916 9.301964 8.859307
4.740000 5.315821 10.141654 9.076926
4.750000 5.798404 11.046154 9.374592
4.760000 6.323179 12.015669 9.765728
4.770000 6.892428 13.048498 10.265732
4.780000 7.508035 14.140335 10.892021
4.790000 8.171266 15.283404 11.663955
4.800000 8.882480 16.465431 12.602541
4.810000 9.640775 17.668453 13.729852
4.820000 10.443542 18.867521 15.068013
4.830000 11.285939 20.029404 16.637642
4.840000 12.160286 21.111458 18.455587
4.850000 13.055403 22.060970 20.531883
4.860000 13.955959 22.815353 22.865883
4.870000 14.841899 23.303715 25.441751
4.880000 15.688081 23.450371 28.223715
4.890000 16.464310 23.180771 31.151876
4.900000 17.135956 22.430029 34.139790
4.910000 17.665363 21.153618 37.075272
4.920000 18.014189 19.338902 39.825932
4.930000 18.146660 17.015167 42.250309
4.940000 18.033510 14.259061 44.214134
4.950000 17.656065 11.192492 45.609447
4.960000 17.009708 7.971431 46.372391
4.970000 16.105881 4.766626 46.494801
4.980000 14.971955 1.740209 46.025745
4.990000 13.648781 -0.976000 45.062004
5.000000 12.186303 -3.294996 43.730145
5.010000 10.638173 -5.178969 42.165386
5.020000 9.056458 -6.634118 40.492840
5.030000 7.487401 -7.699186 38.814915
5.040000 5.968742 -8.431950 37.205971
5.050000 4.528673 -8.897111 35.713009
5.060000 3.186095 -9.157436 34.360123
5.070000 1.951742 -9.268501 33.154377
5.080000 0.829718 -9.276417 32.091572
5.090000 -0.180895 -9.217601 31.160969
5.100000 -1.084566 -9.119707 30.348761
5.110000 -1.888080 -9.003036 29.640392
5.120000 -2.599576 -8.882033 29.021942
5.130000 -3.227822 -8.766646 28.480854
5.140000 -3.781704 -8.663459 28.006235
5.150000 -4.269879 -8.576589 27.588896
5.160000 -4.700550 -8.508376 27.221241
5.170000 -5.081333 -8.459898 26.897097
5.180000 -5.419189 -8.431341 26.611509
5.190000 -5.720404 -8.422273 26.360554
5.200000 -5.990591 -8.431833 26.141151
5.210000 -6.234715 -8.458871 25.950914
5.220000 -6.457130 -8.502037 25.788006
5.230000 -6.661621 -8.559848 25.651031
5.240000 -6.851444 -8.630729 25.538939
5.250000 -7.029372 -8.713039 25.450932
5.260000 -7.197739 -8.805093 25.386408
5.270000 -7.358474 -8.905162 25.344896
5.280000 -7.513143 -9.011485 25.326006
5.290000 -7.662977 -9.122272 25.329380
5.300000 -7.808907 -9.235698 25.354656
5.310000 -7.951586 -9.349914 25.401430
5.320000 -8.091418 -9.463042 25.469219
5.330000 -8.228580 -9.573188 25.557432
5.340000 -8.363041 -9.678445 25.665342
5.350000 -8.494581 -9.776909 25.792057
5.360000 -8.622814 -9.866695 25.936495
5.370000 -8.747202 -9.945961 26.097370
5.380000 -8.867078 -10.012928 26.273174
5.390000 -8.981663 -10.065918 26.462162
5.400000 -9.090088 -10.103382 26.662355
5.410000 -9.191418 -10.123941 26.871544
5.420000 -9.284670 -10.126423 27.087294
5.430000 -9.368845 -10.109900 27.306976
5.440000 -9.442950 -10.073730 27.527792
5.450000 -9.506028 -10.017584 27.746811
5.460000 -9.557183 -9.941476 27.961020
5.470000 -9.595613 -9.845786 28.167381
5.480000 -9.620630 -9.731267 28.362892
5.490000 -9.631694 -9.599042 28.544649
5.500000 -9.628428 -9.450593 28.709911
5.510000 -9.610645 -9.287734 28.856171
5.520000 -9.578354 -9.112574 28.981207
5.530000 -9.531775 -8.927464 29.083141
5.540000 -9.471344 -8.734946 29.160475
5.550000 -9.397704 -8.537684 29.212124
5.560000 -9.311702 -8.338396 29.237427
5.570000 -9.214372 -8.139787 29.236158
5.580000 -9.106914 -7.944485 29.208508
5.590000 -8.990671 -7.754982 29.155058
5.600000 -8.867103 -7.573585 29.076757
5.610000 -8.737751 -7.402372 28.974873
5.620000 -8.604213 -7.243166 28.850943
5.630000 -8.468108 -7.097517 28.706724
5.640000 -8.331049 -6.966696 28.544151
5.650000 -8.194613 -6.851696 28.365276
5.660000 -8.060322 -6.753246 28.172230
5.670000 -7.929614 -6.671831 27.967182
5.680000 -7.803836 -6.607715 27.752306
5.690000 -7.684224 -6.560967 27.529749
5.700000 -7.571898 -6.531492 27.301617
5.710000 -7.467857 -6.519058 27.069952
5.720000 -7.372977 -6.523322 26.836725
5.730000 -7.288012 -6.543857 26.603832
5.740000 -7.213596 -6.580172 26.373087
5.750000 -7.150253 -6.631729 26.146231
5.760000 -7.098401 -6.697961 25.924927
5.770000 -7.058357 -6.778278 25.710772
5.780000 -7.030349 -6.872077 25.505301
5.790000 -7.014522 -6.978742 25.309990
5.800000 -7.010944 -7.097646 25.126270
5.810000 -7.019614 -7.228145 24.955523
5.820000 -7.040467 -7.369574 24.799093
5.830000 -7.073378 -7.521237 24.658289
5.840000 -7.118164 -7.682396 24.534384
5.850000 -7.174587 -7.852260 24.428616
5.860000 -7.242354 -8.029969 24.342182
5.870000 -7.321115 -8.214581 24.276239
5.880000 -7.410461 -8.405056 24.231890
5.890000 -7.509921 -8.600240 24.210175
5.900000 -7.618953 -8.798850 24.212055
5.910000 -7.736943 -8.999463 24.238396
5.920000 -7.863195 -9.200501 24.289938
5.930000 -7.996925 -9.400226 24.367279
5.940000 -8.137255 -9.596729 24.470839
5.950000 -8.283202 -9.787939 24.600824
5.960000 -8.433676 -9.971621 24.757196
5.970000 -8.587470 -10.145391 24.939629
5.980000 -8.743262 -10.306746 25.147467
5.990000 -8.899611 -10.453082 25.379690
6.000000 -9.054958 -10.581749 25.634874
6.010000 -9.207638 -10.690093 25.911160
6.020000 -9.355884 -10.775525 26.206228
6.030000 -9.497848 -10.835593 26.517288
6.040000 -9.631622 -10.868063 26.841076
6.050000 -9.755266 -10.871006 27.173874
6.060000 -9.866840 -10.842887 27.511545
6.070000 -9.964445 -10.782653 27.849588
6.080000 -10.046266 -10.689814 28.183220
6.090000 -10.110620 -10.564508 28.507473
6.100000 -10.156009 -10.407555 28.817312
6.110000 -10.181163 -10.220472 29.107763
6.120000 -10.185094 -10.005485 29.374060
6.130000 -10.167133 -9.765480 29.611778
6.140000 -10.126968 -9.503954 29.816975
6.150000 -10.064667 -9.224910 29.986305
6.160000 -9.980691 -8.932746 30.117126
6.170000 -9.875896 -8.632114 30.207561
6.180000 -9.751518 -8.327777 30.256538
6.190000 -9.609144 -8.024452 30.263800
6.200000 -9.450675 -7.726676 30.229864
6.210000 -9.278275 -7.438672 30.155973
6.220000 -9.094315 -7.164248 30.044004
6.230000 -8.901308 -6.906717 29.896374
6.240000 -8.701849 -6.668848 29.715918
6.250000 -8.498549 -6.452843 29.505787
6.260000 -8.293979 -6.260345 29.269331
6.270000 -8.090615 -6.092463 29.009998
6.280000 -7.890800 -5.949823 28.731251
6.290000 -7.696702 -5.832623 28.436487
6.300000 -7.510294 -5.740702 28.128996
6.310000 -7.333335 -5.673607 27.811909
6.320000 -7.167362 -5.630664 27.488176
6.330000 -7.013692 -5.611042 27.160561
6.340000 -6.873427 -5.613807 26.831631
6.350000 -6.747465 -5.637976 26.503771
6.360000 -6.636516 -5.682554 26.179192
6.370000 -6.541120 -5.746566 25.859949
6.380000 -6.461665 -5.829083 25.547964
6.390000 -6.398407 -5.929235 25.245045
6.400000 -6.351490 -6.046216 24.952904
6.410000 -6.320962 -6.179290 24.673182
6.420000 -6.306795 -6.327784 24.407465
6.430000 -6.308894 -6.491080 24.157307
6.440000 -6.327113 -6.668601 23.924238
6.450000 -6.361262 -6.859793 23.709784
6.460000 -6.411115 -7.064107 23.515472
6.470000 -6.476414 -7.280974 23.342850
6.480000 -6.556870 -7.509780 23.193476
6.490000 -6.652161 -7.749840 23.068935
6.500000 -6.761929 -8.000363 22.970833
6.510000 -6.885772 -8.260428 22.900787
6.520000 -7.023238 -8.528944 22.860420
6.530000 -7.173809 -8.804620 22.851341
6.540000 -7.336890 -9.085929 22.875122
6.550000 -7.511794 -9.371077 22.933268
6.560000 -7.697722 -9.657969 23.027178
6.570000 -7.893747 -9.944183 23.158098
6.580000 -8.098790 -10.226949 23.327061
6.590000 -8.311606 -10.503131 23.534821
6.600000 -8.530759 -10.769228 23.781773
6.610000 -8.754605 -11.021382 24.067875
6.620000 -8.981283 -11.255410 24.392548
6.630000 -9.208695 -11.466851 24.754585
6.640000 -9.434511 -11.651043 25.152061
6.650000 -9.656164 -11.803222 25.582235
6.660000 -9.870870 -11.918653 26.041487
6.670000 -10.075648 -11.992788 26.525257
6.680000 -10.267363 -12.021450 27.028036
6.690000 -10.442771 -12.001031 27.543377
6.700000 -10.598597 -11.928704 28.063963
6.710000 -10.731607 -11.802638 28.581738
6.720000 -10.838711 -11.622182 29.088076
6.730000 -10.917058 -11.388026 29.574028
6.740000 -10.964155 -11.102308 30.030596
6.750000 -10.977970 -10.768647 30.449057
6.760000 -10.957038 -10.392104 30.821291
6.770000 -10.900544 -9.979053 31.140112
6.780000 -10.808395 -9.536973 31.399555
6.790000 -10.681253 -9.074166 31.595121
6.800000 -10.520545 -8.599421 31.723927
6.810000 -10.328433 -8.121649 31.784777
6.820000 -10.107755 -7.649524 31.778141
6.830000 -9.861932 -7.191144 31.706038
6.840000 -9.594853 -6.753746 31.571842
6.850000 -9.310742 -6.343495 31.380043
6.860000 -9.014018 -5.965353 31.135960
6.870000 -8.709151 -5.623024 30.845461
6.880000 -8.400538 -5.318978 30.514688
6.890000 -8.092382 -5.054541 30.149820
6.900000 -7.788599 -4.830024 29.756868
6.910000 -7.492742 -4.644888 29.341526
6.920000 -7.207957 -4.497922 28.909071
6.930000 -6.936954 -4.387417 28.464298
6.940000 -6.682000 -4.311335 28.011501
6.950000 -6.444934 -4.267453 27.554480
6.960000 -6.227186 -4.253492 27.096565
6.970000 -6.029817 -4.267216 26.640669
6.980000 -5.853557 -4.306509 26.189333
6.990000 -5.698853 -4.369432 25.744781
7.000000 -5.565911 -4.454259 25.308977
7.010000 -5.454746 -4.559496 24.883678
7.020000 -5.365221 -4.683888 24.470482
7.030000 -5.297088 -4.826416 24.070868
7.040000 -5.250021 -4.986281 23.686241
7.050000 -5.223647 -5.162891 23.317968
7.060000 -5.217572 -5.355835 22.967402
7.070000 -5.231399 -5.564856 22.635914
7.080000 -5.264745 -5.789824 22.324919
7.090000 -5.317253 -6.030704 22.035896
7.100000 -5.388598 -6.287523 21.770409
7.110000 -5.478490 -6.560335 21.530125
7.120000 -5.586674 -6.849183 21.316830
7.130000 -5.712925 -7.154058 21.132444
7.140000 -5.857038 -7.474856 20.979027
7.150000 -6.018820 -7.811328 20.858789
7.160000 -6.198071 -8.163032 20.774096
7.170000 -6.394567 -8.529268 20.727455
7.180000 -6.608037 -8.909023 20.721514
7.190000 -6.838136 -9.300899 20.759033
7.200000 -7.084413 -9.703036 20.842852
7.210000 -7.346275 -10.113048 20.975836
7.220000 -7.622952 -10.527931 21.160810
7.230000 -7.913450 -10.944000 21.400473
7.240000 -8.216505 -11.356811 21.697268
7.250000 -8.530536 -11.761106 22.053253
7.260000 -8.853593 -12.150784 22.469921
7.270000 -9.183311 -12.518887 22.948002
7.280000 -9.516869 -12.857638 23.487234
7.290000 -9.850945 -13.158536 24.086119
7.300000 -10.181705 -13.412505 24.741669
7.310000 -10.504786 -13.610134 25.449162
7.320000 -10.815320 -13.741993 26.201929
7.330000 -11.107987 -13.799040 26.991198
7.340000 -11.377092 -13.773108 27.806026
7.350000 -11.616693 -13.657445 28.633366
7.360000 -11.820767 -13.447294 29.458261
7.370000 -11.983420 -13.140444 30.264246
7.380000 -12.099123 -12.737705 31.033892
7.390000 -12.162981 -12.243254 31.749540
7.400000 -12.171008 -11.664765 32.394146
7.410000 -12.120384 -11.013306 32.952183
7.420000 -12.009676 -10.302949 33.410511
7.430000 -11.839004 -9.550135 33.759144
7.440000 -11.610117 -8.772808 33.991791
7.450000 -11.326386 -7.989426 34.106144
7.460000 -10.992690 -7.217927 34.103832
7.470000 -10.615213 -6.474772 33.990116
7.480000 -10.201169 -5.774161 33.773289
7.490000 -9.758469 -5.127476 33.463951
7.500000 -9.295369 -4.543004 33.074173
7.510000 -8.820132 -4.025911 32.616688
7.520000 -8.340710 -3.578454 32.104176
7.530000 -7.864484 -3.200352 31.548674
7.540000 -7.398071 -2.889264 30.961170
7.550000 -6.947190 -2.641302 30.351353
7.560000 -6.516601 -2.451536 29.727503
7.570000 -6.110095 -2.314446 29.096508
7.580000 -5.730530 -2.224304 28.463955
7.590000 -5.379907 -2.175474 27.834278
7.600000 -5.059464 -2.162635 27.210924
7.610000 -4.769781 -2.180932 26.596531
7.620000 -4.510896 -2.226065 25.993090
7.630000 -4.282413 -2.294334 25.402088
7.640000 -4.083605 -2.382644 24.824646
7.650000 -3.913509 -2.488486 24.261608
7.660000 -3.771007 -2.609904 23.713636
7.670000 -3.654897 -2.745444 23.181273
7.680000 -3.563952 -2.894109 22.664993
7.690000 -3.496968 -3.055305 22.165249
7.700000 -3.452802 -3.228791 21.682497
7.710000 -3.430401 -3.414634 21.217226
7.720000 -3.428824 -3.613164 20.769983
7.730000 -3.447258 -3.824937 20.341391
7.740000 -3.485026 -4.050700 19.932165
7.750000 -3.541593 -4.291359 19.543137
7.760000 -3.616570 -4.547953 19.175272
7.770000 -3.709708 -4.821626 18.829689
7.780000 -3.820900 -5.113602 18.507687
7.790000 -3.950170 -5.425158 18.210768
7.800000 -4.097669 -5.757598 17.940664
7.810000 -4.263662 -6.112220 17.699369
7.820000 -4.448518 -6.490282 17.489170
7.830000 -4.652694 -6.892955 17.312679
7.840000 -4.876720 -7.321274 17.172871
7.850000 -5.121175 -7.776070 17.073111
7.860000 -5.386664 -8.257895 17.017193
7.870000 -5.673787 -8.766923 17.009361
7.880000 -5.983101 -9.302839 17.054329
7.890000 -6.315075 -9.864701 17.157282
7.900000 -6.670038 -10.450780 17.323862
7.910000 -7.048112 -11.058374 17.560118
7.920000 -7.449138 -11.683605 17.872425
7.930000 -7.872585 -12.321186 18.267347
7.940000 -8.317445 -12.964186 18.751432
7.950000 -8.782119 -13.603788 19.330933
7.960000 -9.264286 -14.229078 20.011431
7.970000 -9.760765 -14.826872 20.797350
7.980000 -10.267376 -15.381637 21.691357
7.990000 -10.778802 -15.875552 22.693657
8.000000 -11.288477 -16.288757 23.801201
8.010000 -11.788505 -16.599850 25.006842
8.020000 -12.269639 -16.786699 26.298534
8.030001 -12.721345 -16.827597 27.658661
8.040001 -13.131970 -16.702744 29.063637
8.050001 -13.489048 -16.396040 30.483944
8.060001 -13.779747 -15.897019 31.884741
8.070002 -13.991474 -15.202742 33.227177
8.080002 -14.112601 -14.319355 34.470421
8.090002 -14.133277 -13.263017 35.574341
8.100002 -14.046251 -12.059884 36.502563
8.110003 -13.847614 -10.744994 37.225555
8.120004 -13.537353 -9.360024 37.723282
8.130004 -13.119619 -7.950149 37.986942
8.140004 -12.602673 -6.560399 38.019520
8.150004 -11.998446 -5.232068 37.834988
8.160005 -11.321809 -3.999702 37.456345
8.170005 -10.589598 -2.889076 36.912846
8.180005 -9.819546 -1.916351 36.236904
8.190005 -9.029226 -1.088361 35.461178
8.200006 -8.235140 -0.403791 34.616180
8.210006 -7.452005 0.145099 33.728642
8.220006 -6.692295 0.570547 32.820648
8.230006 -5.966011 0.887453 31.909437
8.240006 -5.280664 1.111816 31.007700
8.250007 -4.641416 1.259524 30.124184
8.260007 -4.051322 1.345521 29.264421
8.270007 -3.511638 1.383292 28.431477
8.280007 -3.022145 1.384611 27.626623
8.290008 -2.581470 1.359481 26.849911
8.300008 -2.187375 1.316197 26.100609
8.310008 -1.837018 1.261488 25.377542
8.320008 -1.527167 1.200698 24.679327
8.330009 -1.254380 1.137979 24.004520
8.340010 -1.015144 1.076481 23.351727
8.350010 -0.805982 1.018530 22.719643
8.360010 -0.623531 0.965786 22.107092
8.370010 -0.464599 0.919384 21.513021
8.380011 -0.326201 0.880052 20.936504
8.390011 -0.205576 0.848210 20.376722
8.400011 -0.100197 0.824056 19.832958
8.410011 -0.007772 0.807632 19.304575
8.420012 0.073768 0.798880 18.791010
8.430013 0.146279 0.797684 18.291758
8.440013 0.211420 0.803908 17.806364
8.450013 0.270669 0.817420 17.334414
8.460013 0.325344 0.838114 16.875530
8.470014 0.376621 0.865926 16.429367
8.480014 0.425552 0.900844 15.995607
8.490014 0.473081 0.942920 15.573957
8.500014 0.520065 0.992276 15.164151
8.510015 0.567286 1.049108 14.765945
8.520015 0.615468 1.113692 14.379123
8.530015 0.665290 1.186387 14.003492
8.540015 0.717400 1.267640 13.638892
8.550015 0.772424 1.357990 13.285192
8.560016 0.830981 1.458071 12.942295
8.570016 0.893690 1.568617 12.610147
8.580016 0.961183 1.690468 12.288736
8.590016 1.034111 1.824577 11.978105
8.600017 1.113158 1.972015 11.678355
8.610017 1.199044 2.133981 11.389663
8.620017 1.292538 2.311806 11.112285
8.630017 1.394465 2.506968 10.846579
8.640018 1.505715 2.721097 10.593019
8.650019 1.627253 2.955986 10.352216
8.660019 1.760126 3.213600 10.124949
8.670019 1.905473 3.496087 9.912189
8.680019 2.064534 3.805784 9.715141
8.690020 2.238659 4.145223 9.535290
8.700020 2.429315 4.517133 9.374449
8.710020 2.638097 4.924435 9.234824
8.720020 2.866731 5.370234 9.119089
8.730021 3.117081 5.857797 9.030472
8.740022 3.391153 6.390515 8.972854
8.750022 3.691089 6.971849 8.950888
8.760022 4.019165 7.605250 8.970131
8.770022 4.377773 8.294039 9.037193
8.780023 4.769399 9.041247 9.159898
8.790023 5.196584 9.849395 9.347458
8.800023 5.661865 10.720196 9.610647
8.810023 6.167698 11.654174 9.961967
8.820024 6.716345 12.650164 10.415773
8.830024 7.309727 13.704679 10.988342
8.840024 7.949222 14.811137 11.697827
8.850024 8.635413 15.958921 12.564035
8.860024 9.367764 17.132292 13.607951
8.870025 10.144217 18.309181 14.850892
8.880025 10.960713 19.459963 16.313181
8.890025 11.810638 20.546322 18.012201
8.900025 12.684207 21.520481 19.959728
8.910026 13.567834 22.325121 22.158503
8.920026 14.443563 22.894434 24.598122
8.930026 15.288651 23.156841 27.250584
8.940026 16.075470 23.039848 30.066088
8.950027 16.771908 22.477316 32.970093
8.960028 17.342449 21.418962 35.862965
8.970028 17.750101 19.841143 38.623581
8.980028 17.959206 17.757034 41.118015
8.990028 17.938988 15.223573 43.213299
9.000029 17.667446 12.342225 44.794781
9.010029 17.134924 9.251594 45.783794
9.020029 16.346590 6.111838 46.151199
9.030029 15.323114 3.083617 45.922653
9.040030 14.099165 0.306472 45.173618
9.050030 12.719895 -2.117929 44.015209
9.060030 11.236113 -4.133867 42.575005
9.070030 9.699115 -5.730192 40.978024
9.080030 8.156184 -6.931643 39.332230
9.090031 6.647401 -7.786604 37.720634
9.100031 5.204000 -8.354907 36.199657
9.110031 3.848109 -8.698068 34.801956
9.120031 2.593491 -8.872833 33.541512
9.130032 1.446859 -8.927823 32.419189
9.140032 0.409391 -8.902484 31.427666
9.150032 -0.521796 -8.827492 30.555244
9.160032 -1.352365 -8.725883 29.788536
9.170033 -2.089717 -8.614436 29.114166
9.180034 -2.742189 -8.505009 28.519747
9.190034 -3.318471 -8.405706 27.994345
9.200034 -3.827194 -8.321837 27.528637
9.210034 -4.276659 -8.256660 27.114868
9.220035 -4.674659 -8.211948 26.746721
9.230035 -5.028388 -8.188416 26.419140
9.240035 -5.344391 -8.186023 26.128136
9.250035 -5.628554 -8.204203 25.870621
9.260036 -5.886119 -8.242014 25.644239
9.270037 -6.121708 -8.298257 25.447237
9.280037 -6.339363 -8.371547 25.278336
9.290037 -6.542582 -8.460367 25.136635
9.300037 -6.734361 -8.563102 25.021526
9.310038 -6.917235 -8.678052 24.932625
9.320038 -7.093317 -8.803449 24.869698
9.330038 -7.264330 -8.937456 24.832621
9.340038 -7.431643 -9.078171 24.821320
9.350039 -7.596296 -9.223618 24.835730
9.360039 -7.759028 -9.371749 24.875751
9.370039 -7.920300 -9.520443 24.941214
9.380039 -8.080315 -9.667503 25.031824
9.390039 -8.239034 -9.810666 25.147142
9.400040 -8.396197 -9.947607 25.286533
9.410040 -8.551338 -10.075959 25.449133
9.420040 -8.703800 -10.193333 25.633816
9.430040 -8.852754 -10.297347 25.839163
9.440041 -8.997213 -10.385667 26.063440
9.450041 -9.136059 -10.456047 26.304573
9.460041 -9.268058 -10.506382 26.560143
9.470041 -9.391891 -10.534765 26.827381
9.480042 -9.506178 -10.539549 27.103186
9.490043 -9.609515 -10.519406 27.384150
9.500043 -9.700504 -10.473392 27.666595
9.510043 -9.777793 -10.400999 27.946636
9.520043 -9.840114 -10.302207 28.220243
9.530044 -9.886323 -10.177513 28.483334
9.540044 -9.915442 -10.027954 28.731859
9.550044 -9.926694 -9.855107 28.961908
9.560044 -9.919536 -9.661071 29.169807
9.570045 -9.893689 -9.448421 29.352224
9.580046 -9.849162 -9.220152 29.506252
9.590046 -9.786262 -8.979597 29.629494
9.600046 -9.705595 -8.730334 29.720116
9.610046 -9.608069 -8.476084 29.776892
9.620047 -9.494871 -8.220598 29.799215
9.630047 -9.367444 -7.967559 29.787092
9.640047 -9.227455 -7.720479 29.741112
9.650047 -9.076757 -7.482614 29.662401
9.660048 -8.917343 -7.256896 29.552561
9.670048 -8.751299 -7.045880 29.413586
9.680048 -8.580757 -6.851714 29.247789
9.690048 -8.407853 -6.676127 29.057728
9.700048 -8.234680 -6.520433 28.846111
9.710049 -8.063255 -6.385554 28.615742
9.720049 -7.895485 -6.272049 28.369446
9.730049 -7.733141 -6.180159 28.110027
9.740049 -7.577843 -6.109849 27.840221
9.750050 -7.431044 -6.060858 27.562666
9.760050 -7.294025 -6.032748 27.279884
9.770050 -7.167897 -6.024946 26.994270
9.780050 -7.053602 -6.036787 26.708084
9.790051 -6.951921 -6.067546 26.423460
9.800052 -6.863483 -6.116470 26.142406
9.810052 -6.788782 -6.182801 25.866821
9.820052 -6.728184 -6.265790 25.598501
9.830052 -6.681945 -6.364709 25.339155
9.840053 -6.650221 -6.478858 25.090420
9.850053 -6.633085 -6.607563 24.853872
9.860053 -6.630533 -6.750173 24.631044
9.870053 -6.642497 -6.906051 24.423431
9.880054 -6.668852 -7.074564 24.232502
9.890055 -6.709423 -7.255067 24.059710
9.900055 -6.763988 -7.446887 23.906494
9.910055 -6.832278 -7.649302 23.774288
9.920055 -6.913980 -7.861521 23.664515
9.930056 -7.008734 -8.082660 23.578583
9.940056 -7.116127 -8.311719 23.517885
9.950056 -7.235686 -8.547555 23.483782
9.960056 -7.366873 -8.788858 23.477587
9.970057 -7.509071 -9.034130 23.500547
9.980057 -7.661577 -9.281656 23.553812
9.990057 -7.823585 -9.529488 23.638401
10.000057 -7.994175 -9.775426 23.755167
